ya: 64.000000		xa: 64.000000
y: 639.999000		x: 1344.001000
posx: 1344.000000		posy: 640.000000

dx = 0.001414

dy = 181.019336

iteration: 400		alpha : 45.000000

		wh = 31353469.193135		x = -15676434.596567	
			z = 15677034.596567


			-------------------------


dx = 662.810836

ya: 237.606709		xa: 64.000000
y: 402.393291		x: 1408.000000
posx: 1344.000000		posy: 640.000000
MAPX: 23		MAPY: 10		VALUE: 0
-------------

ya: 237.606709		xa: 64.000000
y: 640.000000		x: 1472.000000
posx: 1344.000000		posy: 640.000000
MAPX: 24		MAPY: 13		VALUE: 0
-------------

ya: 237.606709		xa: 64.000000
y: 877.606709		x: 1536.000000
posx: 1344.000000		posy: 640.000000
MAPX: 25		MAPY: 17		VALUE: 0
-------------

ya: 237.606709		xa: 64.000000
y: 1115.213417		x: 1600.000000
posx: 1344.000000		posy: 640.000000
-------------

dy = 1230.375430

iteration: 799		alpha : 74.925000

		wh = 66.897670		x = 266.551165		z = 333.448835		662.810836