ya: 64.000000		xa: 64.000000
y: 639.999000		x: 1344.001000
posx: 1344.000000		posy: 640.000000

dx = 0.001414

dy = 181.019336

iteration: 400		alpha : 45.000000

		wh = 31353469.193135		x = -15676434.596567	
			z = 15677034.596567


			-------------------------

